0.39760736 -0.15840917 -0.02383548
0.28370374 -0.15235899 -0.10638780
-0.19313721 -0.38595856 0.32352087
0.29389682 -0.01780638 -0.01987101
0.28396226 -0.29769363 0.33381408
0.01338482 -0.17611051 0.35962510
-0.29228711 -0.28278019 0.18574970
-0.33857743 -0.27289983 0.15585035
0.16552478 -0.07912181 -0.04758357
-0.10302774 -0.27978651 0.49142159
-0.17140827 0.49760231 -0.06375295
0.41530464 -0.27940541 0.25258649
-0.18993236 0.42413322 -0.01496562
0.09169464 0.46385027 0.23505485
0.06977092 0.44908717 0.12415068
-0.07479905 0.36940201 0.24130412
-0.05178819 -0.30314038 0.46632096
-0.60300467 -0.19064834 -0.24838467
0.30565735 -0.21206088 -0.14597533
-0.06103212 0.44051438 0.18260400
0.39760736 -0.15840917 -0.02383548
0.45178079 -0.17656103 -0.20672482
-0.41800626 -0.26609197 0.13737075
0.19619838 0.38761770 0.12415373
0.30408687 -0.21643083 -0.03493927
0.02554732 0.53828202 -0.17065266
0.33638113 -0.14667930 -0.09678207
0.23762573 -0.16222920 -0.02611319
0.45548824 -0.26831546 -0.20523977
0.08616251 0.50447814 0.10739752
0.17500349 -0.08654916 0.02374365
0.29698446 -0.06698269 -0.02835432
-0.50771081 -0.03286240 -0.32077598
0.16777906 0.44355036 0.17425798
-0.05492600 -0.19193849 0.24259375
-0.07080136 -0.27581162 0.48916520
0.15477874 -0.14002783 -0.55183103
-0.18993236 0.42413322 -0.01496562
0.16353196 -0.12153196 0.09726825
-0.09936960 0.38103249 0.22128823
0.41530464 -0.27940541 0.25258649
-0.16680521 -0.32177870 0.33274858
0.12482108 0.47248727 0.14248105
-0.26741084 -0.34157778 0.37092912
0.44158266 -0.22273283 0.18034127
-0.54611876 -0.14765714 -0.31189643
0.17851790 -0.10139791 -0.53559038
0.16973905 0.39570115 0.04130609
0.36567400 -0.25936591 -0.00027459
0.01974401 0.54776940 -0.08048789
0.10280372 0.52111928 0.05705529
-0.16486317 0.43989108 -0.08299507
0.23762573 -0.16222920 -0.02611319
-0.44545114 -0.09951716 0.01992228
0.45548824 -0.26831546 -0.20523977
-0.17758545 0.32022036 -0.03924162
0.39831573 -0.09764866 -0.31000659
0.02133937 0.48378177 -0.01325882
-0.08590754 -0.08801240 0.19087980
-0.51470058 -0.07239618 -0.14022923
0.44157317 -0.16933807 -0.07025511
0.15502021 -0.14325185 -0.54649246
0.27354281 -0.20467250 -0.05878001
0.17851790 -0.10139791 -0.53559038
-0.44545114 -0.09951716 0.01992228
0.44338962 -0.17555659 0.21675390
0.45178079 -0.17656104 -0.20672486
0.01550355 0.51982697 -0.11307154
0.15502021 -0.14325185 -0.54649246
-0.41800626 -0.26609197 0.13737075
-0.22738044 0.45541017 -0.03745640
0.43225114 -0.28489745 -0.25677487
-0.54167435 -0.10457892 -0.18193312
0.40554487 -0.13857028 -0.31990948
-0.50771081 -0.03286240 -0.32077598
-0.33857743 -0.27289983 0.15585035
0.05815108 0.60583830 0.03348872
0.23552902 -0.19164173 -0.07211887
0.13593004 -0.12661632 -0.56080360
0.07316859 0.46343087 0.06537377
0.00963229 -0.15816986 0.27924577
0.07677111 0.45246785 0.09346813
-0.12894565 0.51357035 -0.01968697
-0.57455964 -0.14774085 -0.36424297
-0.37108896 -0.19723938 0.12514754
-0.34751143 -0.20789149 0.11044710
-0.55396149 -0.15718071 -0.27273618
0.05815108 0.60583830 0.03348872
-0.05178819 -0.30314038 0.46632096
-0.48922479 -0.12538439 -0.16213404
0.01338482 -0.17611051 0.35962510
-0.54916634 -0.11295702 -0.27807262
0.11556362 0.38812402 0.20417286
-0.15706355 -0.36360291 0.31175139
-0.60016532 -0.13331419 -0.28935454
0.11856052 0.43904101 0.15911304
0.19354324 -0.08065498 0.02242060
-0.42818601 -0.20110899 0.06359963
-0.43610968 -0.11500543 -0.12540954
0.21420552 0.02364198 0.02006782
