148.97935486 3.83754134 30.57645988
45.08887863 46.06130219 -63.81329346
39.68181610 -88.95711517 1.02283454
-148.21270752 144.32266235 30.34553719
-165.32771301 -53.68483734 -31.62102509
-120.29299164 -0.18496223 -78.19009399
-170.80413818 -25.91165733 41.89698792
25.96893311 44.12833405 49.18211365
-47.06299591 -94.85820770 -160.31871033
-71.66475677 120.87240601 108.66254425
118.61284637 -92.84871674 74.77828979
-1.64302564 158.19761658 157.01713562
188.22668457 -19.23603630 -63.76052094
-46.03124619 -193.48403931 28.77939415
-26.18596268 44.25952530 -202.00701904
110.75042725 -47.55230331 146.61085510
-9.91420174 122.37221527 79.25986481
144.13865662 129.33911133 -85.76971436
32.59874344 74.07695007 -105.91523743
-101.89467621 -17.99341965 89.74262238
148.97935486 3.83754134 30.57645988
90.93149567 85.10363007 -2.62516928
-17.23210716 296.94046021 -20.47247696
-148.40039062 -87.99687195 111.45530701
130.76823425 110.04145813 72.84142303
-71.79370117 -108.60579681 1.58637440
174.49057007 83.74825287 12.42072392
112.60753632 -63.06000519 -20.03894806
-237.43525696 -43.27413940 59.60494995
40.72410583 -66.58794403 179.87881470
87.09564972 -127.43419647 -119.95295715
32.81352234 -87.44494629 -153.59793091
-36.46687698 42.47895813 145.27091980
-170.88418579 -30.90643311 -138.43231201
61.23745728 90.91556549 132.50779724
-76.63058472 104.95988464 58.15569687
-124.36249542 16.75317764 155.17922974
-31.76614761 182.14567566 9.50592995
-2.64834952 -152.26577759 -120.46658325
-133.09983826 37.96921158 70.55177307
64.04653168 -4.66497660 -131.08001709
35.27160263 -148.59875488 15.83483028
-84.00603485 -176.31704712 -40.56710434
-2.18302488 -113.39264679 -18.67187881
139.55746460 51.05574417 -66.17078400
-32.90090179 -35.45802689 3.81203604
-41.09319305 37.65173721 -55.17239761
62.91257858 184.06283569 65.41507721
169.13299561 -100.43743134 -32.59104156
199.87762451 -68.40302277 40.19456863
-77.53224945 113.90293884 -102.54494476
-127.88009644 75.87323761 -46.44594955
137.24455261 253.33837891 284.89346313
37.68116760 -0.21119298 121.68016052
29.52710533 119.89929199 -11.91659927
22.52502441 15.75087357 208.24403381
-83.38607788 43.02315521 -145.45788574
-6.67620850 -137.60136414 85.94422150
-5.37917662 -60.80991745 68.43254852
-147.32940674 -132.78538513 30.58640480
139.56388855 29.46296120 91.74443054
-30.83482552 0.91296405 -108.37748718
91.94394684 -61.30035019 -80.35952759
-41.09319305 37.65173721 -55.17239761
37.68116760 -0.21119298 121.68016052
98.52761841 13.03832912 -80.06433105
100.41534424 133.37214661 0.60023606
-46.76023102 -62.80515671 140.46398926
-30.83482552 0.91296405 -108.37748718
-166.60456848 79.97236633 -116.28821564
-104.96183014 -50.58702469 21.56995583
70.67654419 121.28300476 -60.00498962
25.66739082 -19.69660187 -198.48252869
6.20037127 -55.17501450 -80.86613464
-36.46687698 42.47895813 145.27091980
25.96893311 44.12833405 49.18211365
-63.48606873 -114.74746704 65.72179413
64.12854767 198.66708374 -46.21944046
-85.44364929 21.14227867 -11.89707851
-143.87751770 -115.95877075 -79.97956085
33.15056229 -143.54084778 157.40771484
-178.88934326 45.73269653 0.08168460
-69.04500580 -136.74897766 138.91833496
-13.09542561 155.77911377 -75.00681305
-43.18231583 20.02657509 59.58917618
110.46256256 -159.98458862 0.31251109
72.96176910 -1.54030001 -2.73953605
97.94808960 80.30234528 -161.04029846
-9.91420174 122.37221527 79.25986481
141.28475952 1.13380027 -156.34991455
-101.11869049 -42.35494614 -89.20279694
61.15237427 -37.14197159 46.53871155
47.37611008 -179.25074768 -61.64495468
-36.14817047 87.01209259 3.80907512
17.88716125 -11.88824177 -13.20066166
-208.30632019 -16.30062294 -91.36120605
-107.44773102 151.53117371 -24.31321526
78.91099548 -161.70750427 85.66049957
22.94225121 134.97349548 -157.18206787
-48.31291199 -111.84911346 -94.73049164
